arco(15805,21944,48.18).
arco(21944,15805,48.18).
arco(15818,21952,24.09).
arco(21952,15818,24.09).
arco(15819,19319,322.08).
arco(19319,15819,322.08).
arco(15830,21969,77.36).
arco(21969,15830,77.36).
arco(15834,21969,158.84).
arco(15834,21952,274.35).
arco(21969,15834,158.84).
arco(21952,15834,274.35).
arco(15841,19319,248.36).
arco(19319,15841,248.36).
arco(15842,21911,17.99).
arco(15842,19319,149.77).
arco(21911,15842,17.99).
arco(19319,15842,149.77).
arco(15845,21959,165.11).
arco(21959,15845,165.11).
arco(15849,21969,498.05).
arco(21969,15849,498.05).
arco(15852,19301,86.84).
arco(19301,15852,86.84).
arco(15855,21911,286.70).
arco(15855,21952,635.96).
arco(21911,15855,286.70).
arco(21952,15855,635.96).
arco(15865,21961,116.12).
arco(21961,15865,116.12).
arco(15871,19301,31.40).
arco(15871,19319,144.17).
arco(19301,15871,31.40).
arco(19319,15871,144.17).
arco(15880,19319,159.68).
arco(19319,15880,159.68).
arco(15881,21952,57.63).
arco(21952,15881,57.63).
arco(15882,21952,171.58).
arco(21952,15882,171.58).
arco(15883,19301,62.45).
arco(19301,15883,62.45).
arco(15885,19319,31.93).
arco(15885,21911,107.55).
arco(21911,15885,107.55).
arco(19319,15885,31.93).
arco(15888,21961,129.70).
arco(15888,19301,111.48).
arco(21961,15888,129.70).
arco(19301,15888,111.48).
arco(15896,21952,90.60).
arco(21952,15896,90.60).
